[gd_scene format=3 uid="uid://bxshdu7qvase7"]

[ext_resource type="Shader" uid="uid://7yv34gjrfdnk" path="res://art/buildings.gdshader" id="1_56w75"]
[ext_resource type="Material" uid="uid://t7bds6aj7mmm" path="res://art/prototype_grid.tres" id="1_grid"]
[ext_resource type="PackedScene" uid="uid://c3m7yab1t4a2p" path="res://scenes/enemies/elephant_enemy.tscn" id="2_qgawi"]
[ext_resource type="PackedScene" uid="uid://bfw64e8pvwh46" path="res://scenes/enemies/axolotl_enemy.tscn" id="3_56w75"]

[sub_resource type="ShaderMaterial" id="ShaderMaterial_3eai6"]
render_priority = 0
shader = ExtResource("1_56w75")

[node name="HallChunk" type="Node3D" unique_id=746953506]
transform = Transform3D(1, 0, 0, 0, 0.99904823, -0.043619387, 0, 0.043619387, 0.99904823, 0, -0.5, 0)

[node name="LevelGeometry" type="CSGCombiner3D" parent="." unique_id=148577641]
use_collision = true

[node name="Hallway" type="CSGBox3D" parent="LevelGeometry" unique_id=771185804]
transform = Transform3D(1, 0, 0, 0, 1, 0, 0, 0, 1, 0, 4, 0)
size = Vector3(6, 8, 30)
material = SubResource("ShaderMaterial_3eai6")

[node name="Interior" type="CSGBox3D" parent="LevelGeometry" unique_id=728613619]
transform = Transform3D(1, 0, 0, 0, 1, 0, 0, 0, 1, 0, 4, 0)
operation = 2
size = Vector3(4, 7, 32)
material = ExtResource("1_grid")

[node name="LevelGeometry2" type="CSGCombiner3D" parent="." unique_id=1867240001]
transform = Transform3D(0.68301266, 0.3173627, 0.657856, -0.24394475, 0.94807017, -0.20409426, -0.6884658, -0.021081567, 0.72496337, 8, 5.8900127, -1.5191299)
use_collision = true

[node name="Hallway" type="CSGBox3D" parent="LevelGeometry2" unique_id=1588715316]
transform = Transform3D(1, 3.3900142e-07, -1.1920929e-07, 7.450581e-09, 1.0000027, -1.4901161e-07, 0, -2.0116568e-07, 1.0000002, 0, 4.000003, 6.999998)
size = Vector3(6, 8, 44)
material = ExtResource("1_grid")

[node name="Interior" type="CSGBox3D" parent="LevelGeometry2" unique_id=1662465564]
transform = Transform3D(1, 5.9604645e-08, -8.34465e-07, 7.450581e-09, 0.9999994, 2.1234155e-07, 0, 1.4156103e-07, 0.99999595, 9.536743e-07, 4, 6.999998)
operation = 2
size = Vector3(4, 7, 46)
material = ExtResource("1_grid")

[node name="LevelGeometry" type="CSGCombiner3D" parent="LevelGeometry2" unique_id=1862959194]
transform = Transform3D(-0.22518373, -0.93327606, -0.27980107, -0.15187147, -0.25004458, 0.9562495, -0.9624074, 0.25782594, -0.08543195, 16.970959, 18.936123, -9.788416)
use_collision = true

[node name="Hallway" type="CSGBox3D" parent="LevelGeometry2/LevelGeometry" unique_id=302032200]
transform = Transform3D(1, 2.9802322e-08, -2.913177e-06, 0, 1, -1.2367964e-06, -7.450581e-09, 0, 0.99999726, -4.000021, 1.9999866, 1.4999809)
size = Vector3(14, 12, 55)
material = ExtResource("1_grid")

[node name="Interior" type="CSGBox3D" parent="LevelGeometry2/LevelGeometry" unique_id=169953297]
transform = Transform3D(1, 2.9802322e-08, -2.913177e-06, 0, 1, -1.2367964e-06, -7.450581e-09, 0, 0.99999726, -4.0000734, 1.9999638, 17.999895)
operation = 2
size = Vector3(10, 9, 24)
material = ExtResource("1_grid")

[node name="Interior2" type="CSGBox3D" parent="LevelGeometry2/LevelGeometry" unique_id=1425360591]
transform = Transform3D(1.0000004, 3.874302e-07, -7.5921416e-06, 3.2782555e-07, 1.0000002, -2.130866e-06, -2.7567148e-07, -1.4901161e-08, 0.9999933, -4.1927543, 1.7694492, 14.272665)
operation = 2
size = Vector3(16, 9, 12)
material = ExtResource("1_grid")

[node name="Interior3" type="CSGBox3D" parent="LevelGeometry2/LevelGeometry" unique_id=183389050]
transform = Transform3D(1, 2.9802322e-08, -6.1169267e-06, 0, 1, -2.4586916e-06, -7.450581e-09, 1.4901161e-08, 0.9999933, -4.1925983, 1.7695141, -10.227203)
operation = 2
size = Vector3(12, 9, 29)
material = ExtResource("1_grid")

[node name="LevelGeometry2" type="CSGCombiner3D" parent="LevelGeometry2" unique_id=470605967]
transform = Transform3D(0.040248543, -0.9977918, -0.05284583, -0.30076247, -0.06253414, 0.9516476, -0.95285034, -0.02240777, -0.30261445, 15.480152, 7.232278, -29.93972)
use_collision = true

[node name="Hallway" type="CSGBox3D" parent="LevelGeometry2/LevelGeometry2" unique_id=1083470448]
transform = Transform3D(1, 3.5762787e-07, 2.1606684e-07, 2.9802322e-08, 1.0000026, -4.61936e-07, -2.4586916e-07, -1.4901161e-07, 1.0000002, 5.5000095, 12.500031, -12.000011)
size = Vector3(17, 25, 18)
material = ExtResource("1_grid")

[node name="Interior" type="CSGBox3D" parent="LevelGeometry2/LevelGeometry2" unique_id=2018067803]
transform = Transform3D(0.99999833, 1.1920929e-07, -8.7171793e-07, -2.115965e-06, 0.9999994, 1.1920929e-07, -2.682209e-07, 3.054738e-07, 0.9999981, 5.084013, 6.4551954, -0.09109688)
operation = 2
size = Vector3(13, 8, 8)
material = ExtResource("1_grid")

[node name="Interior2" type="CSGBox3D" parent="LevelGeometry2/LevelGeometry2" unique_id=1904472720]
transform = Transform3D(0.9999968, 8.940697e-08, -1.899898e-06, -4.8577785e-06, 0.99999917, 2.6077032e-07, -4.8428774e-07, 7.748604e-07, 0.99999934, 5.7614365, 19.938631, -2.1131268)
operation = 2
size = Vector3(13, 8, 5)
material = ExtResource("1_grid")

[node name="LevelGeometry2" type="CSGCombiner3D" parent="LevelGeometry2/LevelGeometry2" unique_id=1301409810]
transform = Transform3D(0.040248543, -0.9977918, -0.05284583, -0.30076247, -0.06253414, 0.9516476, -0.95285034, -0.02240777, -0.30261445, 15.480152, 7.232278, -29.93972)
use_collision = true

[node name="Hallway" type="CSGBox3D" parent="LevelGeometry2/LevelGeometry2/LevelGeometry2" unique_id=480699746]
transform = Transform3D(1, 3.427267e-07, -3.1292439e-07, 1.15484e-07, 1.0000026, -1.1622906e-06, -2.8312206e-07, 2.9802322e-08, 0.9999999, -15.114155, 20.859911, -26.797924)
size = Vector3(17, 12, 10)
material = ExtResource("1_grid")

[node name="ElephantEnemy" parent="." unique_id=1671382912 instance=ExtResource("2_qgawi")]
transform = Transform3D(1, 0, 0, 0, 0.99904823, 0.043619387, 0, -0.043619387, 0.99904823, 28, 6.581053, 1.7145704)

[node name="ElephantEnemy2" parent="." unique_id=1679801644 instance=ExtResource("2_qgawi")]
transform = Transform3D(1, 0, 0, 0, 0.99904823, 0.043619387, 0, -0.043619387, 0.99904823, 24, 36.984493, -12.625264)

[node name="AxolotlEnemy2" parent="." unique_id=1630446793 instance=ExtResource("3_56w75")]
transform = Transform3D(1.3699526, -1.4081734, 0.063390605, 0.23978263, 0.012608819, 1.9313078, -1.9099128, -1.14015, 0.2799911, 27.921837, 46.95535, -11.91146)

[node name="AxolotlEnemy" parent="." unique_id=59964342 instance=ExtResource("3_56w75")]
transform = Transform3D(0.7499999, -1.00382, 0.35863036, -0.05666323, 0.2850073, 1.5530434, -1.2978011, -0.5925513, 0.1394452, 15, 45.80145, -17.014051)

[node name="AxolotlEnemy3" parent="." unique_id=2090233369 instance=ExtResource("3_56w75")]
transform = Transform3D(-1.4488887, -0.31058294, -5.5879354e-09, 0.3878592, -1.1580079, 0.069791034, -0.016934298, 0.0505597, 1.5984778, 9, 5.4511466, -1.2389549)

[node name="ElephantEnemy3" parent="." unique_id=824554348 instance=ExtResource("2_qgawi")]
transform = Transform3D(1, 0, 0, 0, 0.99904823, 0.043619387, 0, -0.043619387, 0.99904823, -10, 6.144859, -8.275913)

[node name="ElephantEnemy4" parent="." unique_id=860753139 instance=ExtResource("2_qgawi")]
transform = Transform3D(1, 0, 0, 0, 0.99904823, 0.043619387, 0, -0.043619387, 0.99904823, 3, 10.96982, 10.531527)
